# name: debug
# type: sparse matrix
# nnz: 7056
# rows: 180
# columns: 180

1 1 15.8018908
2 1 -0.0570320201
3 1 1.1290076
4 1 -0.000658903063
5 1 -0.446065332
6 1 -0.015385051
7 1 -4.44442027
8 1 0.0258798184
9 1 -0.341249075
10 1 0.000638148562
11 1 0.132755
12 1 0.00515038323
13 1 -2.12213156
14 1 0.0262360319
15 1 -0.258619558
16 1 0.000690313557
17 1 0.0743522187
18 1 0.00154672259
19 1 -0.247488019
20 1 0.00258318051
21 1 -0.0676599209
22 1 6.07691386e-05
23 1 0.0113021456
24 1 0.000209220591
1 2 -0.0570320201
2 2 16.1931688
3 2 0.620229177
4 2 0.453495449
5 2 0.000648392735
6 2 0.0393259275
7 2 0.00313066958
8 2 -4.59998577
9 2 -0.166781804
10 2 -0.135816977
11 2 1.76657898e-05
12 2 -0.0140274098
13 2 -0.0153752215
14 2 -2.23349406
15 2 -0.0455310442
16 2 -0.0763270553
17 2 0.000747257303
18 2 -0.0112773065
19 2 -0.00487622737
20 2 -0.273109199
21 2 -0.00598793078
22 2 -0.0116086605
23 2 0.000276791124
24 2 -0.00317100089
1 3 1.1290076
2 3 0.620229177
3 3 0.296612223
4 3 0.0151499091
5 3 -0.0373783897
6 3 1.05103285e-05
7 3 -0.33213983
8 3 -0.154116045
9 3 -0.0932333861
10 3 -0.00460740513
11 3 0.0127939061
12 3 3.48654529e-05
13 3 -0.244659102
14 3 -0.0374472989
15 3 -0.0596333834
16 3 -0.00129229134
17 3 0.0101416496
18 3 1.7865628e-05
19 3 -0.0607332114
20 3 -0.00383442792
21 3 -0.0166797929
22 3 -0.000175000712
23 3 0.0027744157
24 3 -5.96039215e-07
1 4 -0.000658903063
2 4 0.453495449
3 4 0.0151499091
4 4 0.0149456585
5 4 -8.67131262e-06
6 4 0.00136708795
7 4 1.46051272e-05
8 4 -0.131839914
9 4 -0.00485941502
10 4 -0.004239179
11 4 6.38207785e-06
12 4 -0.00052170242
13 4 -0.000641948981
14 4 -0.0718963092
15 4 -0.00149919233
16 4 -0.00252186957
17 4 3.17672697e-05
18 4 -0.000417656084
19 4 -0.000222720289
20 4 -0.0103652578
21 4 -0.000237559467
22 4 -0.000440588586
23 4 1.2224629e-05
24 4 -0.000120321087
1 5 -0.446065332
2 5 0.000648392735
3 5 -0.0373783897
4 5 -8.67131262e-06
5 5 0.0149632889
6 5 0.000457394352
7 5 0.128711409
8 5 -0.000661410515
9 5 0.0126817222
10 5 -1.4015847e-05
11 5 -0.00423347423
12 5 -0.000157707464
13 5 0.0697525688
14 5 -0.000688885065
15 5 0.0100043777
16 5 -1.56390597e-05
17 5 -0.00253472044
18 5 -5.10576518e-05
19 5 0.00995547561
20 5 -6.23593199e-05
21 5 0.00272240222
22 5 -6.78463435e-07
23 5 -0.000454649372
24 5 -7.93314054e-06
1 6 -0.015385051
2 6 0.0393259275
3 6 1.05103285e-05
4 6 0.00136708795
5 6 0.000457394352
6 6 0.000452867893
7 6 0.0046143708
8 6 -0.0131454957
9 6 -2.34210237e-05
10 6 -0.000505498591
11 6 -0.000144204114
12 6 -0.000140993049
13 6 0.00117547204
14 6 -0.00994633513
15 6 -3.77704496e-05
16 6 -0.000392257569
17 6 -3.97495947e-05
18 6 -9.99611676e-05
19 6 0.000108267622
20 6 -0.00254129903
21 6 -1.36872982e-05
22 6 -0.000107988916
23 6 -4.44116094e-06
24 6 -2.9617616e-05
1 7 -4.44442027
2 7 0.00313066958
3 7 -0.33213983
4 7 1.46051272e-05
5 7 0.128711409
6 7 0.0046143708
7 7 14.8696128
8 7 -0.0801116923
9 7 1.66923191
10 7 -0.000617497265
11 7 -0.487698961
12 7 -0.020259204
13 7 -3.91648483
14 7 0.0760149628
15 7 -0.610794976
16 7 0.00199912437
17 7 0.146663105
18 7 0.00569326316
19 7 -2.05870183
20 7 0.0424503349
21 7 -0.444840493
22 7 0.000412885563
23 7 0.0889179044
24 7 0.00433153055
25 7 -0.496749568
26 7 0.00657730853
27 7 -0.0949007292
28 7 0.000208788863
29 7 0.0204199308
30 7 0.000110045427
1 8 0.0258798184
2 8 -4.59998577
3 8 -0.154116045
4 8 -0.131839914
5 8 -0.000661410515
6 8 -0.0131454957
7 8 -0.0801116923
8 8 15.5180141
9 8 0.625338246
10 8 0.499885413
11 8 0.000508567357
12 8 0.0718062237
13 8 0.0153640035
14 8 -4.19672661
15 8 -0.146066309
16 8 -0.153111465
17 8 0.00031376826
18 8 -0.0288884656
19 8 -0.0102745057
20 8 -2.19543651
21 8 -0.118261541
22 8 -0.0899549177
23 8 0.00178484264
24 8 -0.0218330321
25 8 -0.0113983228
26 8 -0.516836809
27 8 -0.0105968069
28 8 -0.0204197087
29 8 0.000501951532
30 8 -0.00425375714
1 9 -0.341249075
2 9 -0.166781804
3 9 -0.0932333861
4 9 -0.00485941502
5 9 0.0126817222
6 9 -2.34210237e-05
7 9 1.66923191
8 9 0.625338246
9 9 0.431431528
10 9 0.0204584161
11 9 -0.0684694986
12 9 0.000108929908
13 9 -0.592791044
14 9 -0.136366215
15 9 -0.148408902
16 9 -0.00501696967
17 9 0.0259957887
18 9 3.59954746e-05
19 9 -0.413854428
20 9 -0.104941541
21 9 -0.111451146
22 9 -0.00431995713
23 9 0.0199901512
24 9 -7.94871775e-05
25 9 -0.0866929242
26 9 -0.00958110007
27 9 -0.0197071285
28 9 -0.000173925256
29 9 0.00384085624
30 9 -1.59224142e-05
1 10 0.000638148562
2 10 -0.135816977
3 10 -0.00460740513
4 10 -0.004239179
5 10 -1.4015847e-05
6 10 -0.000505498591
7 10 -0.000617497265
8 10 0.499885413
9 10 0.0204584161
10 10 0.0176705538
11 10 -8.85809514e-05
12 10 0.00297595449
13 10 -0.000184301729
14 10 -0.148534485
15 10 -0.00530333622
16 10 -0.00572592566
17 10 5.00531847e-05
18 10 -0.0012259457
19 10 -0.00135991009
20 10 -0.0831058733
21 10 -0.00453313793
22 10 -0.00363061888
23 10 0.000126286073
24 10 -0.000965281517
25 10 -0.000449903432
26 10 -0.0181965913
27 10 -0.000201172444
28 10 -0.000749929171
29 10 1.81099388e-05
30 10 -0.00016510399
1 11 0.132755
2 11 1.76657898e-05
3 11 0.0127939061
4 11 6.38207785e-06
5 11 -0.00423347423
6 11 -0.000144204114
7 11 -0.487698961
8 11 0.000508567357
9 11 -0.0684694986
10 11 -8.85809514e-05
11 11 0.0178524596
12 11 0.000683977826
13 11 0.141826529
14 11 -0.00203478172
15 11 0.0258957718
16 11 -4.11495119e-05
17 11 -0.00570758196
18 11 -0.000215892571
19 11 0.0812654371
20 11 -0.000478227813
21 11 0.0196643864
22 11 4.45915124e-05
23 11 -0.00383306688
24 11 -0.000162047112
25 11 0.0180402862
26 11 -0.000162649036
27 11 0.00371863385
28 11 -7.36853413e-06
29 11 -0.000781009556
30 11 3.00668523e-06
1 12 0.00515038323
2 12 -0.0140274098
3 12 3.48654529e-05
4 12 -0.00052170242
5 12 -0.000157707464
6 12 -0.000140993049
7 12 -0.020259204
8 12 0.0718062237
9 12 0.000108929908
10 12 0.00297595449
11 12 0.000683977826
12 12 0.000885637559
13 12 0.0050616282
14 12 -0.0269608295
15 12 -5.27995286e-05
16 12 -0.00117757147
17 12 -0.000191493367
18 12 -0.00033818997
19 12 0.00351086431
20 12 -0.0184493107
21 12 -0.000117474493
22 12 -0.000878773664
23 12 -0.000136927207
24 12 -0.00027498517
25 12 9.96252518e-05
26 12 -0.00340940298
27 12 -6.2033544e-06
28 12 -0.000148358488
29 12 3.10255821e-06
30 12 -3.63646879e-05
1 13 -2.12213156
2 13 -0.0153752215
3 13 -0.244659102
4 13 -0.000641948981
5 13 0.0697525688
6 13 0.00117547204
7 13 -3.91648483
8 13 0.0153640035
9 13 -0.592791044
10 13 -0.000184301729
11 13 0.141826529
12 13 0.0050616282
13 13 16.1818868
14 13 -0.0690521101
15 13 2.48482446
16 13 -0.00110197587
17 13 -0.584105812
18 13 -0.00740859612
19 13 -5.11535344
20 13 0.0727930207
21 13 -0.90468222
22 13 0.00228877903
23 13 0.204342884
24 13 0.00298867837
25 13 -3.13185609
26 13 0.0266072345
27 13 -0.600858528
28 13 0.00138434602
29 13 0.13348224
30 13 -0.00258126204
31 13 -0.247359328
32 13 0.00141418057
33 13 -0.0468967734
34 13 0.000169725746
35 13 0.0123621285
36 13 -0.000522444567
1 14 0.0262360319
2 14 -2.23349406
3 14 -0.0374472989
4 14 -0.0718963092
5 14 -0.000688885065
6 14 -0.00994633513
7 14 0.0760149628
8 14 -4.19672661
9 14 -0.136366215
10 14 -0.148534485
11 14 -0.00203478172
12 14 -0.0269608295
13 14 -0.0690521101
14 14 17.2413639
15 14 0.229927272
16 14 0.606698309
17 14 0.00107798328
18 14 0.114692178
19 14 -0.00447325321
20 14 -5.52681668
21 14 -0.0825362329
22 14 -0.213975181
23 14 0.000804192153
24 14 -0.0456810558
25 14 -0.0592028294
26 14 -3.3376372
27 14 0.0294926922
28 14 -0.136789679
29 14 0.00221228898
30 14 -0.0286672143
31 14 -0.00767531702
32 14 -0.257539766
33 14 0.0101003375
34 14 -0.0124467706
35 14 0.000278033208
36 14 -0.00236905971
1 15 -0.258619558
2 15 -0.0455310442
3 15 -0.0596333834
4 15 -0.00149919233
5 15 0.0100043777
6 15 -3.77704496e-05
7 15 -0.610794976
8 15 -0.146066309
9 15 -0.148408902
10 15 -0.00530333622
11 15 0.0258957718
12 15 -5.27995286e-05
13 15 2.48482446
14 15 0.229927272
15 15 0.587873442
16 15 0.00714020943
17 15 -0.108332672
18 15 2.3992586e-05
19 15 -0.87492293
20 15 -0.074113659
21 15 -0.219506573
22 15 -0.00224484001
23 15 0.0411261542
24 15 3.69913244e-05
25 15 -0.561811926
26 15 0.0277156866
27 15 -0.126699168
28 15 0.00230282956
29 15 0.0258185451
30 15 -5.58895142e-05
31 15 -0.042090792
32 15 0.0088598655
33 15 -0.00836664784
34 15 0.000445548933
35 15 0.00210707817
36 15 -1.01687445e-05
1 16 0.000690313557
2 16 -0.0763270553
3 16 -0.00129229134
4 16 -0.00252186957
5 16 -1.56390597e-05
6 16 -0.000392257569
7 16 0.00199912437
8 16 -0.153111465
9 16 -0.00501696967
10 16 -0.00572592566
11 16 -4.11495119e-05
12 16 -0.00117757147
13 16 -0.00110197587
14 16 0.606698309
15 16 0.00714020943
16 16 0.0238490023
17 16 -9.14827987e-06
18 16 0.00493933344
19 16 -0.000716420742
20 16 -0.204204695
21 16 -0.00255754959
22 16 -0.00870616628
23 16 5.83818943e-05
24 16 -0.00204421757
25 16 -0.00212833189
26 16 -0.124881968
27 16 0.00210368839
28 16 -0.00553501457
29 16 6.8796512e-05
30 16 -0.00119773255
31 16 -0.000262243425
32 16 -0.0107893956
33 16 0.000434373297
34 16 -0.0005214705
35 16 8.68413639e-06
36 16 -9.91212558e-05
1 17 0.0743522187
2 17 0.000747257303
3 17 0.0101416496
4 17 3.17672697e-05
5 17 -0.00253472044
6 17 -3.97495947e-05
7 17 0.146663105
8 17 0.00031376826
9 17 0.0259957887
10 17 5.00531847e-05
11 17 -0.00570758196
12 17 -0.000191493367
13 17 -0.584105812
14 17 0.00107798328
15 17 -0.108332672
16 17 -9.14827987e-06
17 17 0.0239408834
18 17 0.000219464774
19 17 0.194292004
20 17 -0.00225833898
21 17 0.0404067981
22 17 -7.47053684e-05
23 17 -0.00870439828
24 17 -9.95297731e-05
25 17 0.121119346
26 17 -0.00111958983
27 17 0.0251230201
28 17 -7.92440695e-05
29 17 -0.00562670832
30 17 0.000144935409
31 17 0.0106525171
32 17 -0.000122649526
33 17 0.00202237728
34 17 -1.02942311e-05
35 17 -0.000532399748
36 17 2.19350246e-05
1 18 0.00154672259
2 18 -0.0112773065
3 18 1.7865628e-05
4 18 -0.000417656084
5 18 -5.10576518e-05
6 18 -9.99611676e-05
7 18 0.00569326316
8 18 -0.0288884656
9 18 3.59954746e-05
10 18 -0.0012259457
11 18 -0.000215892571
12 18 -0.00033818997
13 18 -0.00740859612
14 18 0.114692178
15 18 2.3992586e-05
16 18 0.00493933344
17 18 0.000219464774
18 18 0.00133751184
19 18 0.00245535466
20 18 -0.0417332371
21 18 -2.6410383e-06
22 18 -0.00195580918
23 18 -7.69835882e-05
24 18 -0.000554182342
25 18 -0.00217346253
26 18 -0.0242479412
27 18 2.50154194e-05
28 18 -0.00110607463
29 18 0.000136824906
30 18 -0.000265828868
31 18 -0.000401348793
32 18 -0.0018430276
33 18 6.69168654e-06
34 18 -8.89306646e-05
35 18 1.93017994e-05
36 18 -1.77034277e-05
1 19 -0.247488019
2 19 -0.00487622737
3 19 -0.0607332114
4 19 -0.000222720289
5 19 0.00995547561
6 19 0.000108267622
7 19 -2.05870183
8 19 -0.0102745057
9 19 -0.413854428
10 19 -0.00135991009
11 19 0.0812654371
12 19 0.00351086431
13 19 -5.11535344
14 19 -0.00447325321
15 19 -0.87492293
16 19 -0.000716420742
17 19 0.194292004
18 19 0.00245535466
19 19 18.019809
20 19 -0.0452819256
21 19 2.69892971
22 19 0.000371274961
23 19 -0.680041604
24 19 -0.00610507676
25 19 -6.12474585
26 19 0.0287945726
27 19 -0.942042385
28 19 0.00107083478
29 19 0.248924585
30 19 -0.00184509675
31 19 -3.21776808
32 19 0.0437580151
33 19 -0.383638057
34 19 0.00158441225
35 19 0.131150762
36 19 0.000458205357
1 20 0.00258318051
2 20 -0.273109199
3 20 -0.00383442792
4 20 -0.0103652578
5 20 -6.23593199e-05
6 20 -0.00254129903
7 20 0.0424503349
8 20 -2.19543651
9 20 -0.104941541
10 20 -0.0831058733
11 20 -0.000478227813
12 20 -0.0184493107
13 20 0.0727930207
14 20 -5.52681668
15 20 -0.074113659
16 20 -0.204204695
17 20 -0.00225833898
18 20 -0.0417332371
19 20 -0.0452819256
20 20 19.0600056
21 20 0.247642357
22 20 0.701523419
23 20 -0.00047331858
24 20 0.128264392
25 20 -0.0506635767
26 20 -6.48353719
27 20 -0.0131437967
28 20 -0.256888165
29 20 0.00209658936
30 20 -0.0448948734
31 20 -0.0328299593
32 20 -3.32111885
33 20 -0.0382972399
34 20 -0.132924228
35 20 0.00148335753
36 20 -0.0182914363
1 21 -0.0676599209
2 21 -0.00598793078
3 21 -0.0166797929
4 21 -0.000237559467
5 21 0.00272240222
6 21 -1.36872982e-05
7 21 -0.444840493
8 21 -0.118261541
9 21 -0.111451146
10 21 -0.00453313793
11 21 0.0196643864
12 21 -0.000117474493
13 21 -0.90468222
14 21 -0.0825362329
15 21 -0.219506573
16 21 -0.00255754959
17 21 0.0404067981
18 21 -2.6410383e-06
19 21 2.69892971
20 21 0.247642357
21 21 0.623281232
22 21 0.00652679893
23 21 -0.122648727
24 21 0.000102043619
25 21 -0.912953539
26 21 -0.0163106866
27 21 -0.195652668
28 21 0.00156059963
29 21 0.0413827583
30 21 -4.17550605e-05
31 21 -0.363762266
32 21 -0.0413020527
33 21 -0.0712841693
34 21 -0.000628239533
35 21 0.0168287615
36 21 -4.22300189e-05
1 22 6.07691386e-05
2 22 -0.0116086605
3 22 -0.000175000712
4 22 -0.000440588586
5 22 -6.78463435e-07
6 22 -0.000107988916
7 22 0.000412885563
8 22 -0.0899549177
9 22 -0.00431995713
10 22 -0.00363061888
11 22 4.45915124e-05
12 22 -0.000878773664
13 22 0.00228877903
14 22 -0.213975181
15 22 -0.00224484001
16 22 -0.00870616628
17 22 -7.47053684e-05
18 22 -0.00195580918
19 22 0.000371274961
20 22 0.701523419
21 22 0.00652679893
22 22 0.0290032681
23 22 -9.15956737e-05
24 22 0.00579165526
25 22 -0.0021026014
26 22 -0.246146085
27 22 0.00154904709
28 22 -0.0105328236
29 22 6.60338216e-05
30 22 -0.00195271563
31 22 -0.0014122244
32 22 -0.122298019
33 22 -0.000516057088
34 22 -0.00522705886
35 22 5.76942432e-05
36 22 -0.000776958792
1 23 0.0113021456
2 23 0.000276791124
3 23 0.0027744157
4 23 1.2224629e-05
5 23 -0.000454649372
6 23 -4.44116094e-06
7 23 0.0889179044
8 23 0.00178484264
9 23 0.0199901512
10 23 0.000126286073
11 23 -0.00383306688
12 23 -0.000136927207
13 23 0.204342884
14 23 0.000804192153
15 23 0.0411261542
16 23 5.83818943e-05
17 23 -0.00870439828
18 23 -7.69835882e-05
19 23 -0.680041604
20 23 -0.00047331858
21 23 -0.122648727
22 23 -9.15956737e-05
23 23 0.0292952734
24 23 9.32367779e-05
25 23 0.237968502
26 23 -0.000929162011
27 23 0.0408503218
28 23 -6.51488293e-05
29 23 -0.0105292598
30 23 0.000165787786
31 23 0.12033849
32 23 -0.00140054741
33 23 0.0162779363
34 23 -6.30306529e-05
35 23 -0.00526530816
36 23 2.53990468e-05
1 24 0.000209220591
2 24 -0.00317100089
3 24 -5.96039215e-07
4 24 -0.000120321087
5 24 -7.93314054e-06
6 24 -2.9617616e-05
7 24 0.00433153055
8 24 -0.0218330321
9 24 -7.94871775e-05
10 24 -0.000965281517
11 24 -0.000162047112
12 24 -0.00027498517
13 24 0.00298867837
14 24 -0.0456810558
15 24 3.69913244e-05
16 24 -0.00204421757
17 24 -9.95297731e-05
18 24 -0.000554182342
19 24 -0.00610507676
20 24 0.128264392
21 24 0.000102043619
22 24 0.00579165526
23 24 9.32367779e-05
24 24 0.00153133055
25 24 -0.00153833123
26 24 -0.0414168776
27 24 3.9276841e-05
28 24 -0.00187786993
29 24 0.000156185574
30 24 -0.000425813905
31 24 0.000648287638
32 24 -0.0157345307
33 24 3.02724851e-05
34 24 -0.000726476031
35 24 1.58887327e-05
36 24 -0.00014482107
7 25 -0.496749568
8 25 -0.0113983228
9 25 -0.0866929242
10 25 -0.000449903432
11 25 0.0180402862
12 25 9.96252518e-05
13 25 -3.13185609
14 25 -0.0592028294
15 25 -0.561811926
16 25 -0.00212833189
17 25 0.121119346
18 25 -0.00217346253
19 25 -6.12474585
20 25 -0.0506635767
21 25 -0.912953539
22 25 -0.0021026014
23 25 0.237968502
24 25 -0.00153833123
25 25 20.9886361
26 25 -0.00932142348
27 25 2.39179383
28 25 0.000765006907
29 25 -0.710029255
30 25 -0.00152821864
31 25 -6.18110668
32 25 0.0525937047
33 25 -0.571354758
34 25 0.00137877587
35 25 0.216467888
36 25 0.00244135081
37 25 -2.90594961
38 25 0.0391799824
39 25 -0.177753898
40 25 0.000946235262
41 25 0.0864938092
42 25 0.00228917165
43 25 -0.247165888
44 25 0.00562709773
45 25 -0.0441894509
46 25 0.00012572895
47 25 0.00899404957
48 25 0.000442062258
7 26 0.00657730853
8 26 -0.516836809
9 26 -0.00958110007
10 26 -0.0181965913
11 26 -0.000162649036
12 26 -0.00340940298
13 26 0.0266072345
14 26 -3.3376372
15 26 0.0277156866
16 26 -0.124881968
17 26 -0.00111958983
18 26 -0.0242479412
19 26 0.0287945726
20 26 -6.48353719
21 26 -0.0163106866
22 26 -0.246146085
23 26 -0.000929162011
24 26 -0.0414168776
25 26 -0.00932142348
26 26 21.7912449
27 26 0.347121109
28 26 0.72665872
29 26 -0.000788882031
30 26 0.108040054
31 26 -0.0180235743
32 26 -6.35605144
33 26 -0.150668528
34 26 -0.220461293
35 26 0.0010854803
36 26 -0.0260120247
37 26 -0.0142476894
38 26 -2.94987338
39 26 -0.11908871
40 26 -0.0873854031
41 26 0.000632516916
42 26 -0.00724927483
43 26 0.00164957356
44 26 -0.260225683
45 26 -0.0118393272
46 26 -0.00919375681
47 26 1.69113944e-05
48 26 -0.00165267476
7 27 -0.0949007292
8 27 -0.0105968069
9 27 -0.0197071285
10 27 -0.000201172444
11 27 0.00371863385
12 27 -6.2033544e-06
13 27 -0.600858528
14 27 0.0294926922
15 27 -0.126699168
16 27 0.00210368839
17 27 0.0251230201
18 27 2.50154194e-05
19 27 -0.942042385
20 27 -0.0131437967
21 27 -0.195652668
22 27 0.00154904709
23 27 0.0408503218
24 27 3.9276841e-05
25 27 2.39179383
26 27 0.347121109
27 27 0.510114973
28 27 0.0018282236
29 27 -0.104002665
30 27 2.38751241e-05
31 27 -0.559127512
32 27 -0.153954668
33 27 -0.11161071
34 27 -0.00251657317
35 27 0.0244273875
36 27 -2.70970568e-05
37 27 -0.175148076
38 27 -0.117392927
39 27 -0.036603769
40 27 -0.0021933556
41 27 0.00681844973
42 27 -2.62527849e-06
43 27 -0.0413561011
44 27 -0.0104329795
45 27 -0.00792430007
46 27 -0.000380844999
47 27 0.00150825889
48 27 1.84623437e-06
7 28 0.000208788863
8 28 -0.0204197087
9 28 -0.000173925256
10 28 -0.000749929171
11 28 -7.36853413e-06
12 28 -0.000148358488
13 28 0.00138434602
14 28 -0.136789679
15 28 0.00230282956
16 28 -0.00553501457
17 28 -7.92440695e-05
18 28 -0.00110607463
19 28 0.00107083478
20 28 -0.256888165
21 28 0.00156059963
22 28 -0.0105328236
23 28 -6.51488293e-05
24 28 -0.00187786993
25 28 0.000765006907
26 28 0.72665872
27 28 0.0018282236
28 28 0.0304676483
29 28 6.11732495e-06
30 28 0.00480504824
31 28 -0.00107063686
32 28 -0.211321389
33 28 -0.00238307262
34 28 -0.00910821703
35 28 5.13378981e-05
36 28 -0.00113549863
37 28 -0.000569401288
38 28 -0.0802542704
39 28 -0.00214711411
40 28 -0.00371852844
41 28 3.45534443e-05
42 28 -0.000298620148
43 28 -5.08649265e-06
44 28 -0.00837251233
45 28 -0.000391378876
46 28 -0.000295817525
47 28 2.66086519e-06
48 28 -5.30776039e-05
7 29 0.0204199308
8 29 0.000501951532
9 29 0.00384085624
10 29 1.81099388e-05
11 29 -0.000781009556
12 29 3.10255821e-06
13 29 0.13348224
14 29 0.00221228898
15 29 0.0258185451
16 29 6.8796512e-05
17 29 -0.00562670832
18 29 0.000136824906
19 29 0.248924585
20 29 0.00209658936
21 29 0.0413827583
22 29 6.60338216e-05
23 29 -0.0105292598
24 29 0.000156185574
25 29 -0.710029255
26 29 -0.000788882031
27 29 -0.104002665
28 29 6.11732495e-06
29 29 0.0306253646
30 29 -0.000238298863
31 29 0.207247642
32 29 -0.00129097449
33 29 0.0239723384
34 29 -5.17044974e-05
35 29 -0.00910088754
36 29 -1.44596882e-05
37 29 0.0793034519
38 29 -0.000879030739
39 29 0.00646973215
40 29 -3.29707384e-05
41 29 -0.00372560407
42 29 -5.64698172e-05
43 29 0.00816104684
44 29 -0.000124565317
45 29 0.00146192507
46 29 -1.98790824e-06
47 29 -0.000296988132
48 29 -1.42079844e-05
7 30 0.000110045427
8 30 -0.00425375714
9 30 -1.59224142e-05
10 30 -0.00016510399
11 30 3.00668523e-06
12 30 -3.63646879e-05
13 30 -0.00258126204
14 30 -0.0286672143
15 30 -5.58895142e-05
16 30 -0.00119773255
17 30 0.000144935409
18 30 -0.000265828868
19 30 -0.00184509675
20 30 -0.0448948734
21 30 -4.17550605e-05
22 30 -0.00195271563
23 30 0.000165787786
24 30 -0.000425813905
25 30 -0.00152821864
26 30 0.108040054
27 30 2.38751241e-05
28 30 0.00480504824
29 30 -0.000238298863
30 30 0.0011049547
31 30 0.00252957107
32 30 -0.0241915136
33 30 2.6959424e-05
34 30 -0.00110103742
35 30 -2.10508657e-05
36 30 -0.000214450536
37 30 0.00211792598
38 30 -0.0064619542
39 30 1.86297444e-06
40 30 -0.000288641827
41 30 -5.4706244e-05
42 30 -5.17708105e-05
43 30 0.000355919784
44 30 -0.00140878742
45 30 -1.68994864e-06
46 30 -4.96697657e-05
47 30 -1.2537284e-05
48 30 -9.5176194e-06
13 31 -0.247359328
14 31 -0.00767531702
15 31 -0.042090792
16 31 -0.000262243425
17 31 0.0106525171
18 31 -0.000401348793
19 31 -3.21776808
20 31 -0.0328299593
21 31 -0.363762266
22 31 -0.0014122244
23 31 0.12033849
24 31 0.000648287638
25 31 -6.18110668
26 31 -0.0180235743
27 31 -0.559127512
28 31 -0.00107063686
29 31 0.207247642
30 31 0.00252957107
31 31 20.7056447
32 31 -0.0653909448
33 31 1.66830711
34 31 -0.000729973167
35 31 -0.716759174
36 31 -0.0158492471
37 31 -6.1757336
38 31 0.0419892917
39 31 -0.46442383
40 31 0.00113243953
41 31 0.224993604
42 31 0.00660483241
43 31 -3.04130904
44 31 0.0201285356
45 31 -0.126294973
46 31 0.00042890112
47 31 0.119934909
48 31 0.00566939836
49 31 -0.483980254
50 31 0.0117704597
51 31 -0.0593192154
52 31 0.000193358519
53 31 0.013241991
54 31 0.00125364397
13 32 0.00141418057
14 32 -0.257539766
15 32 0.0088598655
16 32 -0.0107893956
17 32 -0.000122649526
18 32 -0.0018430276
19 32 0.0437580151
20 32 -3.32111885
21 32 -0.0413020527
22 32 -0.122298019
23 32 -0.00140054741
24 32 -0.0157345307
25 32 0.0525937047
26 32 -6.35605144
27 32 -0.153954668
28 32 -0.211321389
29 32 -0.00129097449
30 32 -0.0241915136
31 32 -0.0653909448
32 32 21.2998618
33 32 0.733184109
34 32 0.730130188
35 32 0.000727933208
36 32 0.0754238745
37 32 -0.00298842512
38 32 -6.42311109
39 32 -0.265498095
40 32 -0.231292509
41 32 0.000497829258
42 32 -0.0248361761
43 32 0.00554330064
44 32 -3.09232797
45 32 -0.174686163
46 32 -0.120581193
47 32 0.00014208444
48 32 -0.00413306348
49 32 0.00715864839
50 32 -0.493919148
51 32 -0.0409602765
52 32 -0.0134090875
53 32 -6.68694752e-05
54 32 -0.00212846572
13 33 -0.0468967734
14 33 0.0101003375
15 33 -0.00836664784
16 33 0.000434373297
17 33 0.00202237728
18 33 6.69168654e-06
19 33 -0.383638057
20 33 -0.0382972399
21 33 -0.0712841693
22 33 -0.000516057088
23 33 0.0162779363
24 33 3.02724851e-05
25 33 -0.571354758
26 33 -0.150668528
27 33 -0.11161071
28 33 -0.00238307262
29 33 0.0239723384
30 33 2.6959424e-05
31 33 1.66830711
32 33 0.733184109
33 33 0.428805864
34 33 0.0155884086
35 33 -0.0716892093
36 33 2.0399587e-06
37 33 -0.455296075
38 33 -0.25728935
39 33 -0.158059624
40 33 -0.00626813392
41 33 0.02210319
42 33 1.09367742e-05
43 33 -0.129783325
44 33 -0.16071696
45 33 -0.0559611361
46 33 -0.00509472279
47 33 0.00417440374
48 33 2.28658615e-05
49 33 -0.0559299949
50 33 -0.0366948709
51 33 -0.0119833234
52 33 -0.00108444801
53 33 0.00192702301
54 33 7.46016271e-06
13 34 0.000169725746
14 34 -0.0124467706
15 34 0.000445548933
16 34 -0.0005214705
17 34 -1.02942311e-05
18 34 -8.89306646e-05
19 34 0.00158441225
20 34 -0.132924228
21 34 -0.000628239533
22 34 -0.00522705886
23 34 -6.30306529e-05
24 34 -0.000726476031
25 34 0.00137877587
26 34 -0.220461293
27 34 -0.00251657317
28 34 -0.00910821703
29 34 -5.17044974e-05
30 34 -0.00110103742
31 34 -0.000729973167
32 34 0.730130188
33 34 0.0155884086
34 34 0.0314512568
35 34 -8.40158554e-07
36 34 0.00334735037
37 34 -0.000467484819
38 34 -0.221939286
39 34 -0.00635662238
40 34 -0.0105383055
41 34 3.50086994e-05
42 34 -0.00116094572
43 34 -8.09815743e-05
44 34 -0.111540287
45 34 -0.00524898629
46 34 -0.00506479839
47 34 2.34303413e-05
48 34 -7.31919112e-05
49 34 9.16794893e-05
50 34 -0.0123131576
51 34 -0.00111481828
52 34 -0.000410079014
53 34 3.22333665e-06
54 34 -7.17401331e-05
13 35 0.0123621285
14 35 0.000278033208
15 35 0.00210707817
16 35 8.68413639e-06
17 35 -0.000532399748
18 35 1.93017994e-05
19 35 0.131150762
20 35 0.00148335753
21 35 0.0168287615
22 35 5.76942432e-05
23 35 -0.00526530816
24 35 1.58887327e-05
25 35 0.216467888
26 35 0.0010854803
27 35 0.0244273875
28 35 5.13378981e-05
29 35 -0.00910088754
30 35 -2.10508657e-05
31 35 -0.716759174
32 35 0.000727933208
33 35 -0.0716892093
34 35 -8.40158554e-07
35 35 0.0315578163
36 35 0.000322012317
37 35 0.2153456
38 35 -0.00109764453
39 35 0.0216644648
40 35 -4.03795591e-05
41 35 -0.0105621168
42 35 -0.000171572036
43 35 0.110762029
44 35 -0.000446889457
45 35 0.00374671103
46 35 -5.32807127e-07
47 35 -0.00510139339
48 35 -0.000164217075
49 35 0.0121355078
50 35 -0.000207783999
51 35 0.00187569286
52 35 -6.90373993e-07
53 35 -0.000412004195
54 35 -3.96648164e-05
13 36 -0.000522444567
14 36 -0.00236905971
15 36 -1.01687445e-05
16 36 -9.91212558e-05
17 36 2.19350246e-05
18 36 -1.77034277e-05
19 36 0.000458205357
20 36 -0.0182914363
21 36 -4.22300189e-05
22 36 -0.000776958792
23 36 2.53990468e-05
24 36 -0.00014482107
25 36 0.00244135081
26 36 -0.0260120247
27 36 -2.70970568e-05
28 36 -0.00113549863
29 36 -1.44596882e-05
30 36 -0.000214450536
31 36 -0.0158492471
32 36 0.0754238745
33 36 2.0399587e-06
34 36 0.00334735037
35 36 0.000322012317
36 36 0.000975274413
37 36 0.00620124667
38 36 -0.0231732422
39 36 -8.00128665e-06
40 36 -0.0011259973
41 36 -0.000164215445
42 36 -0.000430271868
43 36 0.00494540588
44 36 -0.00424754384
45 36 -2.18627304e-05
46 36 -9.74167265e-05
47 36 -0.00015090756
48 36 -9.0001805e-05
49 36 0.00102062293
50 36 -0.00180298468
51 36 -6.67998155e-06
52 36 -6.63853362e-05
53 36 -3.49380708e-05
54 36 -1.55685595e-05
25 37 -2.90594961
26 37 -0.0142476894
27 37 -0.175148076
28 37 -0.000569401288
29 37 0.0793034519
30 37 0.00211792598
31 37 -6.1757336
32 37 -0.00298842512
33 37 -0.455296075
34 37 -0.000467484819
35 37 0.2153456
36 37 0.00620124667
37 37 20.9227387
38 37 -0.09182525
39 37 1.14198257
40 37 -0.00124157176
41 37 -0.574571108
42 37 -0.0215538982
43 37 -5.09545822
44 37 0.017947244
45 37 -0.176185653
46 37 0.000279544368
47 37 0.202673683
48 37 0.0098174514
49 37 -1.49237957
50 37 0.0134937055
51 37 -0.0864653668
52 37 0.000289905968
53 37 0.0578872835
54 37 0.00299562772
55 37 -0.000404206167
56 37 8.87159487e-06
57 37 -3.73131327e-05
58 37 1.06542113e-09
59 37 6.06134095e-08
60 37 2.86997668e-09
61 37 -0.000404264548
62 37 1.01619563e-05
63 37 -3.78641503e-05
64 37 1.25623152e-09
65 37 6.06386264e-08
66 37 2.86173615e-09
25 38 0.0391799824
26 38 -2.94987338
27 38 -0.117392927
28 38 -0.0802542704
29 38 -0.000879030739
30 38 -0.0064619542
31 38 0.0419892917
32 38 -6.42311109
33 38 -0.25728935
34 38 -0.221939286
35 38 -0.00109764453
36 38 -0.0231732422
37 38 -0.09182525
38 38 21.4052391
39 38 1.01728272
40 38 0.586008125
41 38 0.00124504067
42 38 0.0442727269
43 38 0.0300635253
44 38 -5.23110304
45 38 -0.279096651
46 38 -0.205656244
47 38 -0.000756542813
48 38 -0.00780074838
49 38 0.0102155158
50 38 -1.54825519
51 38 -0.0791356519
52 38 -0.0589265037
53 38 -0.000162243906
54 38 -0.00540682334
55 38 1.33024999e-06
56 38 -0.000412308567
57 38 -1.87219313e-05
58 38 -6.14275985e-08
59 38 6.19671903e-11
60 38 -5.7293056e-09
61 38 7.27453834e-08
62 38 -0.00041256522
63 38 -1.86531696e-05
64 38 -6.14645094e-08
65 38 2.52089994e-10
66 38 -5.81535609e-09
25 39 -0.177753898
26 39 -0.11908871
27 39 -0.036603769
28 39 -0.00214711411
29 39 0.00646973215
30 39 1.86297444e-06
31 39 -0.46442383
32 39 -0.265498095
33 39 -0.158059624
34 39 -0.00635662238
35 39 0.0216644648
36 39 -8.00128665e-06
37 39 1.14198257
38 39 1.01728272
39 39 0.378327492
40 39 0.0211160896
41 39 -0.0411355313
42 39 -3.46890479e-06
43 39 -0.178289512
44 39 -0.264183232
45 39 -0.105960149
46 39 -0.00906166331
47 39 0.00733672336
48 39 2.47849759e-05
49 39 -0.0815362649
50 39 -0.0719390031
51 39 -0.0414421318
52 39 -0.00261984738
53 39 0.00478340642
54 39 1.26889155e-05
55 39 -3.75415332e-05
56 39 -1.74163089e-05
57 39 -4.29927723e-06
58 39 -2.61860322e-09
59 39 5.64117026e-09
60 39 1.34943385e-11
61 39 -3.76025991e-05
62 39 -1.73076309e-05
63 39 -4.34749224e-06
64 39 -2.60248653e-09
65 39 5.65192752e-09
66 39 8.9206907e-12
25 40 0.000946235262
26 40 -0.0873854031
27 40 -0.0021933556
28 40 -0.00371852844
29 40 -3.29707384e-05
30 40 -0.000288641827
31 40 0.00113243953
32 40 -0.231292509
33 40 -0.00626813392
34 40 -0.0105383055
35 40 -4.03795591e-05
36 40 -0.0011259973
37 40 -0.00124157176
38 40 0.586008125
39 40 0.0211160896
40 40 0.0258041926
41 40 -1.74875909e-08
42 40 0.00201946873
43 40 0.000768733691
44 40 -0.198028118
45 40 -0.00930693899
46 40 -0.00870786024
47 40 -8.87714159e-06
48 40 -0.000266224855
49 40 0.000190220243
50 40 -0.0548481451
51 40 -0.00269820612
52 40 -0.00233874965
53 40 4.61010452e-06
54 40 -0.000281805228
55 40 -4.91486901e-11
56 40 -6.13952301e-08
57 40 -2.81087882e-09
58 40 -9.14709634e-12
59 40 4.63046551e-14
60 40 -8.51448002e-13
61 40 -2.36450965e-10
62 40 -6.14326614e-08
63 40 -2.80097594e-09
64 40 -9.15247637e-12
65 40 7.46330135e-14
66 40 -8.64267611e-13
25 41 0.0864938092
26 41 0.000632516916
27 41 0.00681844973
28 41 3.45534443e-05
29 41 -0.00372560407
30 41 -5.4706244e-05
31 41 0.224993604
32 41 0.000497829258
33 41 0.02210319
34 41 3.50086994e-05
35 41 -0.0105621168
36 41 -0.000164215445
37 41 -0.574571108
38 41 0.00124504067
39 41 -0.0411355313
40 41 -1.74875909e-08
41 41 0.0258795137
42 41 0.000647817415
43 41 0.194963361
44 41 -0.000308837369
45 41 0.0069898996
46 41 1.16536162e-05
47 41 -0.00870929148
48 41 -0.000322766014
49 41 0.0536452443
50 41 -0.000312478526
51 41 0.00464092475
52 41 -7.68499086e-07
53 41 -0.00236580392
54 41 -0.000114000014
55 41 6.05955026e-08
56 41 -1.07777505e-09
57 41 5.60522709e-09
58 41 -1.22147365e-13
59 41 -9.08685951e-12
60 41 -4.26746217e-13
61 41 6.06050239e-08
62 41 -1.27106179e-09
63 41 5.68779049e-09
64 41 -1.50730007e-13
65 41 -9.09075618e-12
66 41 -4.25458207e-13
25 42 0.00228917165
26 42 -0.00724927483
27 42 -2.62527849e-06
28 42 -0.000298620148
29 42 -5.64698172e-05
30 42 -5.17708105e-05
31 42 0.00660483241
32 42 -0.0248361761
33 42 1.09367742e-05
34 42 -0.00116094572
35 42 -0.000171572036
36 42 -0.000430271868
37 42 -0.0215538982
38 42 0.0442727269
39 42 -3.46890479e-06
40 42 0.00201946873
41 42 0.000647817415
42 42 0.000851779756
43 42 0.00901963171
44 42 -0.00766199769
45 42 -2.4979256e-05
46 42 -0.000275853694
47 42 -0.000303461238
48 42 -0.000199532498
49 42 0.00252872143
50 42 -0.00456948823
51 42 -7.71335214e-06
52 42 -0.000259690451
53 42 -0.00010225932
54 42 -9.68700702e-05
55 42 2.6763257e-09
56 42 -5.7588393e-09
57 42 -1.34864363e-11
58 42 -8.56292561e-13
59 42 -3.97718162e-13
60 42 -9.80843991e-14
61 42 2.65932357e-09
62 42 -5.77087275e-09
63 42 -8.91243008e-12
64 42 -8.58057594e-13
65 42 -3.95255378e-13
66 42 -9.92199301e-14
25 43 -0.247165888
26 43 0.00164957356
27 43 -0.0413561011
28 43 -5.08649265e-06
29 43 0.00816104684
30 43 0.000355919784
31 43 -3.04130904
32 43 0.00554330064
33 43 -0.129783325
34 43 -8.09815743e-05
35 43 0.110762029
36 43 0.00494540588
37 43 -5.09545822
38 43 0.0300635253
39 43 -0.178289512
40 43 0.000768733691
41 43 0.194963361
42 43 0.00901963171
43 43 18.1462968
44 43 -0.127826925
45 43 1.32582113
46 43 -0.0021259225
47 43 -0.548427092
48 43 -0.0249250478
49 43 -3.3809596
50 43 0.0439193667
51 43 -0.401983337
52 43 0.00101963337
53 43 0.136512179
54 43 0.00597357647
55 43 -1.91447413
56 43 0.0467013289
57 43 -0.343869649
58 43 0.00155793625
59 43 0.0846767554
60 43 0.00320273461
61 43 -0.000404403698
62 43 1.07019276e-05
63 43 -3.7852919e-05
64 43 1.33658851e-09
65 43 6.06591567e-08
66 43 2.87028246e-09
25 44 0.00562709773
26 44 -0.260225683
27 44 -0.0104329795
28 44 -0.00837251233
29 44 -0.000124565317
30 44 -0.00140878742
31 44 0.0201285356
32 44 -3.09232797
33 44 -0.16071696
34 44 -0.111540287
35 44 -0.000446889457
36 44 -0.00424754384
37 44 0.017947244
38 44 -5.23110304
39 44 -0.264183232
40 44 -0.198028118
41 44 -0.000308837369
42 44 -0.00766199769
43 44 -0.127826925
44 44 18.6823622
45 44 0.954423943
46 44 0.560207692
47 44 0.00214403974
48 44 0.0549993154
49 44 0.0280915438
50 44 -3.59579427
51 44 -0.166678763
52 44 -0.142302513
53 44 -0.000388810305
54 44 -0.0237907968
55 44 0.00431896814
56 44 -2.02631907
57 44 -0.0878980777
58 44 -0.0860299415
59 44 0.000287895996
60 44 -0.0202003521
61 44 -3.18565324e-07
62 44 -0.000412499674
63 44 -1.86873008e-05
64 44 -6.14549937e-08
65 44 3.10750065e-10
66 44 -5.81180085e-09
25 45 -0.0441894509
26 45 -0.0118393272
27 45 -0.00792430007
28 45 -0.000391378876
29 45 0.00146192507
30 45 -1.68994864e-06
31 45 -0.126294973
32 45 -0.174686163
33 45 -0.0559611361
34 45 -0.00524898629
35 45 0.00374671103
36 45 -2.18627304e-05
37 45 -0.176185653
38 45 -0.279096651
39 45 -0.105960149
40 45 -0.00930693899
41 45 0.0069898996
42 45 -2.4979256e-05
43 45 1.32582113
44 45 0.954423943
45 45 0.425689514
46 45 0.0241267221
47 45 -0.0518604845
48 45 -1.81172406e-05
49 45 -0.385471005
50 45 -0.160489121
51 45 -0.127840985
52 45 -0.00552497326
53 45 0.0210280308
54 45 -3.94927897e-06
55 45 -0.315243327
56 45 -0.0808238307
57 45 -0.0922212276
58 45 -0.00262514199
59 45 0.0178868287
60 45 2.1331295e-06
61 45 -3.72375767e-05
62 45 -1.79912008e-05
63 45 -4.34380601e-06
64 45 -2.70409306e-09
65 45 5.59760502e-09
66 45 -3.16845223e-12
25 46 0.00012572895
26 46 -0.00919375681
27 46 -0.000380844999
28 46 -0.000295817525
29 46 -1.98790824e-06
30 46 -4.96697657e-05
31 46 0.00042890112
32 46 -0.120581193
33 46 -0.00509472279
34 46 -0.00506479839
35 46 -5.32807127e-07
36 46 -9.74167265e-05
37 46 0.000279544368
38 46 -0.205656244
39 46 -0.00906166331
40 46 -0.00870786024
41 46 1.16536162e-05
42 46 -0.000275853694
43 46 -0.0021259225
44 46 0.560207692
45 46 0.0241267221
46 46 0.0249346907
47 46 6.62311942e-07
48 46 0.00259831621
49 46 0.000415711415
50 46 -0.136812832
51 46 -0.00555680994
52 46 -0.00634275233
53 46 1.35016189e-05
54 46 -0.00126791736
55 46 -0.000251962414
56 46 -0.0788466139
57 46 -0.00273796936
58 46 -0.0040508292
59 46 2.95238155e-05
60 46 -0.00107092639
61 46 -3.01997727e-10
62 46 -6.14409457e-08
63 46 -2.80756439e-09
64 46 -9.15375236e-12
65 46 8.44711881e-14
66 46 -8.63943599e-13
25 47 0.00899404957
26 47 1.69113944e-05
27 47 0.00150825889
28 47 2.66086519e-06
29 47 -0.000296988132
30 47 -1.2537284e-05
31 47 0.119934909
32 47 0.00014208444
33 47 0.00417440374
34 47 2.34303413e-05
35 47 -0.00510139339
36 47 -0.00015090756
37 47 0.202673683
38 47 -0.000756542813
39 47 0.00733672336
40 47 -8.87714159e-06
41 47 -0.00870929148
42 47 -0.000303461238
43 47 -0.548427092
44 47 0.00214403974
45 47 -0.0518604845
46 47 6.62311942e-07
47 47 0.0251177921
48 47 0.000860258246
49 47 0.13076062
50 47 -0.00102349823
51 47 0.0209069313
52 47 -1.52323073e-05
53 47 -0.00633606918
54 47 -0.000229881584
55 47 0.0767457797
56 47 -0.0014668216
57 47 0.0176380742
58 47 -6.19630604e-05
59 47 -0.00422744288
60 47 -0.000121813836
61 47 6.06239479e-08
62 47 -1.34467636e-09
63 47 5.68625492e-09
64 47 -1.61685148e-13
65 47 -9.09354811e-12
66 47 -4.26623017e-13
25 48 0.000442062258
26 48 -0.00165267476
27 48 1.84623437e-06
28 48 -5.30776039e-05
29 48 -1.42079844e-05
30 48 -9.5176194e-06
31 48 0.00566939836
32 48 -0.00413306348
33 48 2.28658615e-05
34 48 -7.31919112e-05
35 48 -0.000164217075
36 48 -9.0001805e-05
37 48 0.0098174514
38 48 -0.00780074838
39 48 2.47849759e-05
40 48 -0.000266224855
41 48 -0.000322766014
42 48 -0.000199532498
43 48 -0.0249250478
44 48 0.0549993154
45 48 -1.81172406e-05
46 48 0.00259831621
47 48 0.000860258246
48 48 0.00103033437
49 48 0.00552510576
50 48 -0.0216523823
51 48 6.01797412e-06
52 48 -0.00120594588
53 48 -0.000219740791
54 48 -0.000385988821
55 48 0.0026524993
56 48 -0.0165947482
57 48 3.55186342e-05
58 48 -0.00096457265
59 48 -0.000106753296
60 48 -0.000308530528
61 48 2.76109025e-09
62 48 -5.71712777e-09
63 48 3.16577503e-12
64 48 -8.49985716e-13
65 48 -4.10556007e-13
66 48 -9.9146764e-14
31 49 -0.483980254
32 49 0.00715864839
33 49 -0.0559299949
34 49 9.16794893e-05
35 49 0.0121355078
36 49 0.00102062293
37 49 -1.49237957
38 49 0.0102155158
39 49 -0.0815362649
40 49 0.000190220243
41 49 0.0536452443
42 49 0.00252872143
43 49 -3.3809596
44 49 0.0280915438
45 49 -0.385471005
46 49 0.000415711415
47 49 0.13076062
48 49 0.00552510576
49 49 18.9456587
50 49 -0.105184573
51 49 1.26349851
52 49 -0.00154091717
53 49 -0.478552356
54 49 -0.0183461412
55 49 -5.78861837
56 49 0.0680725003
57 49 -0.392454668
58 49 0.00193092957
59 49 0.187950594
60 49 0.00686609351
61 49 -1.94500197
62 49 0.0237921084
63 49 -0.0647742216
64 49 0.000716657682
65 49 0.0603518616
66 49 0.0008489917
67 49 -0.155934694
68 49 0.00256716331
69 49 -0.00612782383
70 49 7.55925128e-05
71 49 0.00468942741
72 49 4.0965704e-05
73 49 -0.15991027
74 49 0.00264791605
75 49 -0.00635281272
76 49 8.03292056e-05
77 49 0.00493195904
78 49 3.36777628e-05
79 49 -0.164341452
80 49 0.00290540683
81 49 -0.00679340814
82 49 9.10769712e-05
83 49 0.00520948077
84 49 2.4720929e-05
31 50 0.0117704597
32 50 -0.493919148
33 50 -0.0366948709
34 50 -0.0123131576
35 50 -0.000207783999
36 50 -0.00180298468
37 50 0.0134937055
38 50 -1.54825519
39 50 -0.0719390031
40 50 -0.0548481451
41 50 -0.000312478526
42 50 -0.00456948823
43 50 0.0439193667
44 50 -3.59579427
45 50 -0.160489121
46 50 -0.136812832
47 50 -0.00102349823
48 50 -0.0216523823
49 50 -0.105184573
50 50 19.4456914
51 50 0.831513407
52 50 0.492100256
53 50 0.00154320231
54 50 0.0579265677
55 50 -0.0261764816
56 50 -5.97658783
57 50 -0.244195835
58 50 -0.193521962
59 50 0.00110037008
60 50 -0.0249148847
61 50 -0.0202861883
62 50 -1.97161639
63 50 -0.0294577283
64 50 -0.0608997066
65 50 0.000649862152
66 50 -0.00355751922
67 50 -0.0023443345
68 50 -0.156362809
69 50 -0.00135900005
70 50 -0.0046953576
71 50 7.20011581e-05
72 50 -0.00018455814
73 50 -0.00245534816
74 50 -0.16036521
75 50 -0.00108881271
76 50 -0.00493838369
77 50 7.69437261e-05
78 50 -0.000196218789
79 50 -0.00274812392
80 50 -0.164848698
81 50 -0.000776723411
82 50 -0.00521672957
83 50 8.79820655e-05
84 50 -0.000215661832
31 51 -0.0593192154
32 51 -0.0409602765
33 51 -0.0119833234
34 51 -0.00111481828
35 51 0.00187569286
36 51 -6.67998155e-06
37 51 -0.0864653668
38 51 -0.0791356519
39 51 -0.0414421318
40 51 -0.00269820612
41 51 0.00464092475
42 51 -7.71335214e-06
43 51 -0.401983337
44 51 -0.166678763
45 51 -0.127840985
46 51 -0.00555680994
47 51 0.0209069313
48 51 6.01797412e-06
49 51 1.26349851
50 51 0.831513407
51 51 0.35985043
52 51 0.0178835895
53 51 -0.0539195839
54 51 -2.2851347e-06
55 51 -0.3781154
56 51 -0.239883787
57 51 -0.126182586
58 51 -0.00653303752
59 51 0.0219829335
60 51 -2.3468633e-05
61 51 -0.0612699341
62 51 -0.0293419851
63 51 -0.0157533144
64 51 -0.000813812387
65 51 0.00319871681
66 51 -3.18101183e-06
67 51 -0.00586096787
68 51 -0.00132288302
69 51 -0.000241817762
70 51 -3.97803548e-05
71 51 0.000176270625
72 51 -1.40750866e-07
73 51 -0.0060108591
74 51 -0.00135618142
75 51 -0.000247791505
76 51 -4.18084756e-05
77 51 0.000185398193
78 51 -5.19503991e-07
79 51 -0.00617946208
80 51 -0.00138722699
81 51 -0.00026145936
82 51 -4.39320179e-05
83 51 0.000195891447
84 51 -1.03138319e-06
31 52 0.000193358519
32 52 -0.0134090875
33 52 -0.00108444801
34 52 -0.000410079014
35 52 -6.90373993e-07
36 52 -6.63853362e-05
37 52 0.000289905968
38 52 -0.0589265037
39 52 -0.00261984738
40 52 -0.00233874965
41 52 -7.68499086e-07
42 52 -0.000259690451
43 52 0.00101963337
44 52 -0.142302513
45 52 -0.00552497326
46 52 -0.00634275233
47 52 -1.52323073e-05
48 52 -0.00120594588
49 52 -0.00154091717
50 52 0.492100256
51 52 0.0178835895
52 52 0.0199404157
53 52 -5.23295984e-06
54 52 0.00318578163
55 52 -0.00106076463
56 52 -0.186307059
57 52 -0.00652417399
58 52 -0.00773929884
59 52 5.99832029e-05
60 52 -0.00141599887
61 52 -0.000605681827
62 52 -0.0568878837
63 52 -0.00078248809
64 52 -0.00224709501
65 52 2.56957957e-05
66 52 -0.000197853797
67 52 -6.67049059e-05
68 52 -0.00435072505
69 52 -3.78717213e-05
70 52 -0.000130646234
71 52 2.04775336e-06
72 52 -5.13488877e-06
73 52 -6.98314206e-05
74 52 -0.00446208993
75 52 -3.03559654e-05
76 52 -0.000137408319
77 52 2.18757219e-06
78 52 -5.45941183e-06
79 52 -7.80197208e-05
80 52 -0.00458683922
81 52 -2.16763382e-05
82 52 -0.00014515311
83 52 2.49733494e-06
84 52 -6.0004935e-06
31 53 0.013241991
32 53 -6.68694752e-05
33 53 0.00192702301
34 53 3.22333665e-06
35 53 -0.000412004195
36 53 -3.49380708e-05
37 53 0.0578872835
38 53 -0.000162243906
39 53 0.00478340642
40 53 4.61010452e-06
41 53 -0.00236580392
42 53 -0.00010225932
43 53 0.136512179
44 53 -0.000388810305
45 53 0.0210280308
46 53 1.35016189e-05
47 53 -0.00633606918
